 -3.1066178e+001	 -1.0380121e-001	 -4.1670436e-001	
 -7.4389365e+000	 -2.4675781e-001	  4.4551664e-002	
 -1.8703459e+001	 -6.4482644e-001	  5.4430552e-002	
 -1.8966532e-001	  5.3568757e-001	  2.0997823e-001	
 -1.9045507e+001	 -1.2880489e+000	  1.2473395e-001	
 -1.1950553e+000	 -1.6345127e-001	  2.2594442e-001	
 -3.0320272e+000	 -3.1895711e-001	  8.6380646e-002	
 -3.6408460e+000	 -5.6061440e-001	  1.2983536e-001	
 -4.2551159e-001	  5.8021065e-002	  2.5931392e-001	
 -4.7446782e-001	  1.5427105e-001	  3.3161092e-001	
 -9.6338977e+001	 -2.7350562e+000	  1.8622586e-001	
 -6.0233325e-001	 -1.7647883e-001	  1.5431126e-001	
 -2.9771120e+001	 -6.3472592e-001	 -1.5896883e-001	
 -2.3617666e+000	  5.6716616e-001	 -3.1662689e-002	
 -9.1697339e-001	  6.1547210e-001	  3.1015032e-001	
 -7.4945994e+000	 -6.7516548e-001	  5.3002515e-002	
 -1.9190066e+000	  4.5108768e-002	  2.5678022e-001	
 -3.6833824e+000	 -6.4508490e-001	  1.9496485e-001	
 -3.2963015e+000	 -5.0989971e-001	  9.5830325e-002	
 -1.0338956e+001	 -1.3904933e+000	  1.0216139e-001	
 -2.0140129e+001	 -6.1933771e+000	  6.0429234e-004	
 -8.8027175e-001	  2.1849879e-001	  3.2604904e-001	
  3.5808109e-001	  8.0048706e-001	  5.2958451e-001	
 -1.9817382e+000	 -8.1969743e-001	  1.7623828e-001	
 -8.3863937e+000	 -1.7638933e+000	  2.0389512e-001	
 -7.8475400e+000	 -1.0261541e+000	  1.5098656e-001	
 -6.2606345e+001	 -1.2560968e+000	 -1.3223273e-001	
 -1.7736936e+002	 -2.4752258e+000	  5.4951734e-002	
 -1.3909678e+000	 -1.4204089e+001	  5.4954523e-002	
 -3.8085233e+001	 -5.5399849e+000	  1.3235311e-001	
 -9.4945708e+000	 -1.7632679e+000	  2.4443214e-001	
  1.3204638e-001	  8.8616473e-001	  5.0081637e-001	
 -1.6440380e+001	 -6.4615677e+000	  1.7033418e-001	
 -8.4515667e+000	 -1.2506535e+000	  1.3819233e-001	
 -1.0220996e+001	 -1.7724422e+000	  2.5041384e-001	
 -7.4678689e+002	 -4.1359620e+000	  3.8942796e-002	
  1.9009501e-001	  2.0545029e-001	  5.6425047e-001	
 -3.1865987e+001	 -1.0847695e-002	 -4.0314242e-001	
 -2.9526328e+001	 -6.1924653e-001	 -2.0729138e-001	
 -1.5077496e+000	  6.1754219e-001	 -8.4998885e-002	
 -6.0236413e+000	 -3.0461445e-001	  1.7995016e-002	
 -6.4547952e+000	 -2.2928336e-001	 -9.4796289e-002	
 -1.8894828e+000	  5.2789169e-001	 -5.2790533e-002	
 -3.2664780e-001	  4.7344303e-001	  8.5557688e-002	
 -7.8749199e-001	  1.2037306e-001	  1.4257910e-001	
 -5.9574512e-001	 -2.4025697e+001	 -1.7229066e-002	
 -7.5269050e+000	 -7.9663925e+000	 -3.4640273e-002	
 -2.0441336e+000	  3.3402961e-002	  5.1560016e-002	
 -1.3513266e+000	  1.8501222e-001	  1.2285601e-001	
 -3.4610174e-001	  3.0209403e-001	  1.8622598e-001	
  1.2493988e-001	 -3.3724226e+001	  4.2851714e-002	
 -8.4494426e+000	  6.3552050e-002	 -2.0794226e-001	
 -1.9877972e+000	  4.7057359e-001	 -6.1092903e-002	
 -5.4666367e-001	  6.0220608e-001	 -1.9659711e-001	
 -4.7634575e+000	 -6.5256637e-001	 -3.9993631e-003	
  3.9253131e-002	  5.2658702e-001	  1.0774593e-001	
 -1.0163341e+001	 -1.5044231e+000	 -6.9781134e-002	
 -1.2443675e+002	 -2.9268528e+000	  7.4756493e-002	
 -1.0701110e+000	 -1.0084698e-001	  4.8016601e-002	
 -5.8742558e+000	 -4.9017211e-001	 -1.8137963e-002	
  2.5058734e-002	  1.0329278e-001	  1.4005954e-001	
 -3.3608537e+000	  3.0862383e-002	 -6.2250297e-002	
 -4.5282126e-001	  3.5862939e-001	  2.1384976e-001	
 -3.5754494e+001	 -2.2466662e+000	  4.6714010e-002	
 -5.7783551e-001	 -2.0774598e+001	  1.6149200e-002	
  1.9590035e-001	  7.2069770e-001	  4.8578498e-001	
 -1.2951433e+002	 -2.6813270e+000	  1.5832208e-001	
  3.3417817e-001	  6.7315263e-001	  4.8221728e-001	
 -3.1699100e+000	 -6.7548625e-001	  9.6175117e-002	
 -5.7971062e+000	 -1.8921940e+000	  8.3841717e-002	
 -2.1054405e+001	 -2.4200415e+000	  1.8106260e-001	
  8.7024823e-001	 -3.0731102e+002	 -2.1782509e-002	
  7.3637154e-001	 -1.2490268e+002	  1.5598606e-002	
 -1.4511601e+000	 -1.4280279e+001	  9.8612708e-002	
  9.5290031e-001	 -1.7876950e+003	 -2.2628561e-002	
  7.8414476e-001	 -1.3914372e+002	  3.1910481e-003	
  3.9398883e-001	 -3.3701191e+001	  2.2524396e-002	
  2.8256396e-002	 -2.4519004e+001	  1.1455452e-002	
 -1.1432412e+000	  5.5490015e-001	 -1.2277903e-001	
 -7.9864399e-001	  6.2433898e-001	  7.5334785e-002	
 -1.8036020e+000	 -1.4739313e+001	 -6.8540502e-003	
  5.3641920e-001	  6.3976324e-001	  3.7591108e-001	
 -2.0811522e+000	 -2.4490338e-001	 -1.3783073e-001	
 -1.9516394e-001	  2.1139195e-001	  1.0923106e-001	
 -1.8025163e+000	 -6.1865239e-001	  1.8732549e-001	
  1.7016555e-001	  4.8907339e-001	  2.5373090e-001	
 -9.3398311e+000	 -2.0814047e+000	  1.8156780e-001	
 -2.5153646e+001	 -1.0872390e+000	  1.1312267e-001	
 -5.1059909e-002	  3.0659388e-001	  3.0048828e-001	
 -1.2691279e+001	 -1.5032512e+000	  1.8109137e-001	
 -2.6974560e-001	  3.4703086e-001	  2.6773687e-001	
 -5.4727503e+001	 -2.4778850e+000	  1.5354297e-001	
 -1.7698189e+002	 -4.8668303e+000	 -5.8498285e-003	
 -7.2186924e-001	 -1.6274245e+001	  7.1073981e-002	
  8.6433053e-001	 -1.8157733e+002	 -3.6966198e-002	
  5.8040580e-001	 -5.3522275e+001	 -1.0222821e-002	
 -2.0222545e+000	 -1.2439819e+000	  6.4407862e-002	
 -1.3865351e+001	 -4.1616702e-001	 -1.8081616e-001	
 -3.5633607e+000	  3.1726107e-001	 -7.7259750e-002	
 -1.1982773e+001	 -4.5335657e-001	 -4.3462016e-002	
 -2.8630919e+000	 -1.2321475e+001	  1.0329858e-002	
  3.6413518e-001	  8.8658567e-001	  5.6580678e-001	
 -3.5119853e+000	  3.3746723e-002	 -5.7941456e-003	
 -1.7659553e+001	 -1.3244340e+000	 -4.8438952e-003	
 -4.6359027e+000	 -7.4852011e-001	 -1.2163801e-001	
 -3.5598211e+001	 -5.1342291e+000	  2.1004641e-002	
  3.7738335e-001	  7.9293399e-001	  3.4171482e-001	
 -3.7041086e+002	 -2.8360167e+000	  5.6459133e-002	
 -4.5655144e+002	 -3.8118635e+000	  3.0440734e-002	
 -7.2762088e-001	  3.3874685e-002	  1.9664620e-001	
 -3.1248025e-002	 -2.3494058e+001	 -3.9280898e-002	
 -3.7807559e+000	 -1.0263400e+000	  6.4557403e-002	
 -1.5412825e+001	 -7.6210730e-001	 -1.4739752e-001	
 -5.5060533e+000	 -4.2360826e-001	 -6.7448410e-004	
 -1.2719637e+001	 -1.4095620e+000	  1.2259438e-001	
 -1.4501044e+002	 -2.7018786e+000	  7.7751162e-002	
 -3.1707444e+000	 -7.6718317e-001	  3.0132167e-001	
 -1.0765718e+001	 -1.3945858e+000	  1.0781710e-001	
 -1.0022919e+001	 -1.3270705e+000	  1.8937033e-001	
 -1.9477446e-001	  4.1281162e-001	  4.1337717e-001	
 -7.5108352e-002	  1.1473530e-001	  2.0168166e-001	
 -6.5357805e+000	 -8.4208420e+000	  5.2151104e-002	
 -2.4949987e-001	 -2.7127910e-001	  2.5508602e-001	
 -8.8183688e-001	 -1.7852067e+001	 -4.5966129e-002	
  5.8417949e-001	 -6.5521081e+001	 -1.1547833e-002	
  5.2921900e-002	 -2.9079465e+001	  9.3191431e-003	
 -2.0300379e+001	 -2.9370359e+000	  3.9827069e-002	
 -5.5952775e+002	 -4.4293613e+000	  8.9386074e-002	
 -7.2765634e+000	  4.2466598e-001	 -3.5749552e-001	
 -1.7238582e+001	 -1.7822384e+000	  4.1473400e-002	
  3.3448589e-001	  9.7676991e-001	 -7.1425085e-001	
  2.5761094e-001	  8.1958099e-001	  8.1504783e-002	
 -8.7132623e-001	 -2.5832503e+001	 -8.0561212e-002	
 -7.0400521e+000	  7.7566788e-002	 -1.9088739e-001	
 -4.5613090e+000	 -3.2853713e-001	  9.3310907e-002	
 -5.0633024e+001	 -1.7570349e+000	  2.2090639e-001	
 -1.2850015e+001	 -1.2064175e+000	  7.7590284e-002	
 -1.7150292e-001	  1.7700826e-001	  1.5058966e-001	
 -1.5519948e+000	  1.4736412e-001	  3.2437979e-003	
  1.2657648e-001	  1.8645181e-001	  2.9573582e-001	
 -1.1242158e+001	 -2.0321606e+000	  2.0031704e-001	
  7.2371840e-002	 -7.8756807e-003	  2.1349127e-001	
 -5.9371766e+000	 -1.5280678e+000	 -4.0831639e-002	
 -7.6421197e+000	 -1.8982667e+000	 -3.4784626e-003	
 -3.7758927e+000	 -1.4340151e+001	 -1.4856486e-001	
 -7.3877663e-001	  5.5323347e-001	 -1.1294308e-001	
 -2.1959014e-002	 -1.5245215e-002	  1.4806703e-001	
 -3.5963372e+001	 -2.5240728e+000	  1.1615740e-001	
 -1.4309819e+000	 -9.9251913e-001	  2.5640810e-001	
 -8.2142749e-001	  2.8413452e-001	 -3.5746993e-002	
 -2.1568250e+000	 -5.9244508e-001	 -9.0893991e-002	
 -2.0438273e+000	 -8.1245754e-001	  1.1217233e-001	
 -7.9424740e+000	 -1.6023002e+000	  1.7585631e-001	
 -2.6601165e+003	 -4.3227964e+000	  1.9768206e-001	
  6.0877644e-001	 -6.4546443e+001	  1.3501366e-002	
  8.2699555e-001	 -1.9804162e+002	 -1.7065069e-002	
 -3.7692259e+000	 -9.7415080e+000	 -3.5726396e-002	
 -1.1305126e+001	 -2.5110630e+000	  2.1601331e-001	
  5.8327600e-001	 -5.9138398e+001	  6.1080845e-002	
 -1.0455640e+002	 -4.0733873e+000	  1.4781134e-001	
  6.2637442e-001	 -6.9604939e+001	  6.4340178e-002	
 -6.4435798e-002	 -2.2913497e+001	  1.3988804e-001	
 -6.5846123e+001	 -2.0864271e+000	  6.4367476e-003	
 -3.2625043e+001	 -2.6902973e+000	  1.8615140e-001	
 -2.9633696e-001	 -5.1579455e+001	 -1.4042470e-001	
 -1.8689901e+003	 -2.2016515e+000	 -1.6967697e-001	
 -3.6509561e-001	 -2.1876272e+001	 -1.1016684e-002	
 -1.6497979e+000	 -2.3231654e-001	  1.8111846e-001	
 -5.3720427e-002	 -2.6865440e+001	  9.0058541e-003	
 -7.5759614e+004	 -3.9079640e+000	  1.0022847e-001	
 -3.3115953e+001	 -5.3597783e+000	  2.6135191e-002	
  8.2715723e-001	 -1.8863024e+002	  1.1515013e-003	
  7.3077815e-001	 -1.0444958e+002	  7.4497861e-003	
 -6.9716993e-001	 -1.7712190e+001	  1.8276807e-003	
  7.9432570e-001	 -1.6161666e+002	 -2.2878494e-002	
  3.9148156e-001	 -3.7557927e+001	  4.4267132e-002	
 -2.1316041e+001	 -2.0027050e+000	  1.1709047e-001	
  8.3076146e-001	 -1.8595857e+002	  1.6422893e-002	
 -1.8043589e+002	 -4.2297515e+000	 -2.6006617e-002	
 -7.1343966e+001	 -5.9210777e+000	  1.3276419e-001	
  9.5788516e-001	 -2.1461958e+003	 -6.2996035e-003	
  7.5986040e-001	 -1.0990825e+002	  2.4281950e-002	
 -6.6789249e+001	 -4.4533290e+000	 -3.9071604e-002	
 -1.1377143e+002	 -4.7133037e+000	 -4.0943518e-003	
  8.3942782e-001	 -1.7354990e+002	  4.0060081e-002	
 -3.2156732e+001	 -5.3485900e+000	 -1.3235327e-001	
 -1.0416609e+000	 -1.5643343e+001	  9.9418978e-002	
 -6.4734170e-001	  2.5734896e-001	  1.4742513e-001	
 -5.7412587e+000	 -8.4335572e-001	  1.9322372e-001	
  5.0342701e-001	 -4.9093474e+001	  6.3024140e-002	
 -8.2411060e-002	  3.1813685e-001	  4.2194387e-001	
 -1.2089075e+000	 -1.3914080e+001	  3.6684497e-002	
 -1.7155359e+001	 -6.8675405e+000	  1.7296222e-001	
  8.0042359e-001	 -1.3251161e+002	  2.6097019e-002	
  9.0249583e-001	 -3.0805092e+002	  3.3284293e-002	
 -1.7620585e+001	 -9.9759632e-001	 -1.5098187e-002	
  7.3933420e-001	  8.4730937e-001	  7.5258195e-001	
  6.4875207e-001	  7.7786158e-001	  6.7235956e-001	
 -2.4411498e+000	 -7.9334666e-001	  2.3087799e-001	
  6.6243331e-001	 -7.6878177e+001	  1.7225143e-002	
  2.8590942e-001	 -3.5606979e+001	  6.6745350e-002	
 -5.9299740e-001	 -1.6728279e+001	  5.0354953e-002	
 -5.9958781e-001	 -1.6819303e+001	  6.3394001e-002	
 -4.9552227e+000	 -9.4863922e+000	  2.8445693e-002	
 -1.0348874e+003	 -4.4679581e+000	  1.8157293e-001	
  9.5954004e-001	 -3.3622496e+003	  5.3985415e-002	
 -1.3259789e+001	 -6.7019825e+000	  1.0710705e-002	
 -1.5528428e+000	 -1.2029147e-001	  1.0348582e-001	
 -2.6895311e+000	 -9.0713495e-001	  2.5774411e-001	
 -5.9007838e-001	 -1.6435130e+001	  5.0966403e-002	
  9.4312785e-001	 -7.4112311e+002	  1.9760750e-002	
 -1.5506335e+001	 -7.3658023e+000	  2.0262501e-001	
